naics_sector,description
11,"Agriculture, Forestry, Fishing and Hunting, including: Oilseed and Grain Farming; Vegetable and Melon Farming; Fruit and Tree Nut Farming; Greenhouse, Nursery, and Floriculture Production; Other Crop Farming; Cattle Ranching and Farming; Hog and Pig Farming; Poultry and Egg Production; Sheep and Goat Farming; Aquaculture; Other Animal Production; Timber Tract Operations; Forest Nurseries and Gathering of Forest Products; Logging; Fishing; Hunting and Trapping; Support Activities for Crop Production; Support Activities for Animal Production; Support Activities for Forestry Includes vineyards and wineries -- even though winemaking might otherwise suggest Beverage Manufacturing (31), default any vineyard or winery to agriculture (11), including a winery that buys/sources grapes rather than growing its own."
21,"Mining, Quarrying, and Oil and Gas Extraction, including: Oil and Gas Extraction; Coal Mining; Metal Ore Mining; Nonmetallic Mineral Mining and Quarrying; Support Activities for Mining Also use this code for any company primarily in the oil/gas/petroleum business -- extraction, drilling, refining, or distribution -- even if its formal NAICS classification would otherwise be manufacturing (31/32) or wholesale trade (80)."
31,"Manufacturing, including: Animal Food Manufacturing; Grain and Oilseed Milling; Sugar and Confectionery Product Manufacturing; Fruit and Vegetable Preserving and Specialty Food Manufacturing; Dairy Product Manufacturing; Animal Slaughtering and Processing; Seafood Product Preparation and Packaging; Bakeries and Tortilla Manufacturing; Other Food Manufacturing; Beverage Manufacturing; Tobacco Manufacturing; Fiber, Yarn, and Thread Mills; Fabric Mills; Textile and Fabric Finishing and Fabric Coating Mills; Textile Furnishings Mills; Other Textile Product Mills; Apparel Knitting Mills; Cut and Sew Apparel Manufacturing; Apparel Accessories and Other Apparel Manufacturing; Leather and Hide Tanning and Finishing; Footwear Manufacturing; Other Leather and Allied Product Manufacturing"
52,"Finance and Insurance, including: Monetary Authorities-Central Bank; Depository Credit Intermediation; Nondepository Credit Intermediation; Activities Related to Credit Intermediation; Securities and Commodity Contracts Intermediation and Brokerage; Securities and Commodity Exchanges; Other Financial Investment Activities; Insurance Carriers; Agencies, Brokerages, and Other Insurance Related Activities; Insurance and Employee Benefit Funds; Other Investment Pools and Funds Also use this code for integrated health systems that are both a health insurer and a hospital/care operator (e.g. Kaiser Permanente, Sutter Health) -- classify by their insurance function, not '60'."
92,"Public Administration, including: Executive, Legislative, and Other General Government Support; Justice, Public Order, and Safety Activities; Administration of Human Resource Programs; Administration of Environmental Quality Programs; Administration of Housing Programs, Urban Planning, and Community Development; Administration of Economic Programs; Space Research and Technology; National Security and International Affairs Also use this code for defense contractors and companies whose primary business is military/defense products or services, even if their formal NAICS code would otherwise be manufacturing (31-33). Also use this code for ambulance and ambulance services, even though this might otherwise suggest Healthcare (60)."
32,"Manufacturing, including: Sawmills and Wood Preservation; Veneer, Plywood, and Engineered Wood Product Manufacturing; Other Wood Product Manufacturing; Pulp, Paper, and Paperboard Mills; Converted Paper Product Manufacturing; Printing and Related Support Activities; Petroleum and Coal Products Manufacturing; Basic Chemical Manufacturing; Resin, Synthetic Rubber, and Artificial and Synthetic Fibers and Filaments Manufacturing; Pesticide, Fertilizer, and Other Agricultural Chemical Manufacturing; Pharmaceutical and Medicine Manufacturing; Paint, Coating, and Adhesive Manufacturing; Soap, Cleaning Compound, and Toilet Preparation Manufacturing; Other Chemical Product and Preparation Manufacturing; Plastics Product Manufacturing; Rubber Product Manufacturing; Clay Product and Refractory Manufacturing; Glass and Glass Product Manufacturing; Cement and Concrete Product Manufacturing; Lime and Gypsum Product Manufacturing; Other Nonmetallic Mineral Product Manufacturing"
33,"Manufacturing, including: Iron and Steel Mills and Ferroalloy Manufacturing; Steel Product Manufacturing from Purchased Steel; Alumina and Aluminum Production and Processing; Nonferrous Metal (except Aluminum) Production and Processing; Foundries; Forging and Stamping; Cutlery and Handtool Manufacturing; Architectural and Structural Metals Manufacturing; Boiler, Tank, and Shipping Container Manufacturing; Hardware Manufacturing; Spring and Wire Product Manufacturing; Machine Shops; Turned Product; and Screw, Nut, and Bolt Manufacturing; Coating, Engraving, Heat Treating, and Allied Activities; Other Fabricated Metal Product Manufacturing; Agriculture, Construction, and Mining Machinery Manufacturing; Industrial Machinery Manufacturing; Commercial and Service Industry Machinery Manufacturing; Ventilation, Heating, Air-Conditioning, and Commercial Refrigeration Equipment Manufacturing; Metalworking Machinery Manufacturing; Engine, Turbine, and Power Transmission Equipment Manufacturing; Other General Purpose Machinery Manufacturing; Computer and Peripheral Equipment Manufacturing; Communications Equipment Manufacturing; Audio and Video Equipment Manufacturing; Semiconductor and Other Electronic Component Manufacturing; Navigational, Measuring, Electromedical, and Control Instruments Manufacturing; Manufacturing and Reproducing Magnetic and Optical Media; Electric Lighting Equipment Manufacturing; Household Appliance Manufacturing; Electrical Equipment Manufacturing; Other Electrical Equipment and Component Manufacturing; Motor Vehicle Manufacturing; Motor Vehicle Body and Trailer Manufacturing; Motor Vehicle Parts Manufacturing; Aerospace Product and Parts Manufacturing; Railroad Rolling Stock Manufacturing; Ship and Boat Building; Other Transportation Equipment Manufacturing; Household and Institutional Furniture and Kitchen Cabinet Manufacturing; Office Furniture (including Fixtures) Manufacturing; Other Furniture Related Product Manufacturing; Medical Equipment and Supplies Manufacturing; Other Miscellaneous Manufacturing"
99,Unknown
90,Candidates/Political Parties
88,"Entities EXPLICITLY registered or identified as a Political Action Committee (PAC), contributor committee, or political action fund -- e.g. name contains 'PAC', 'Political Action Committee', 'COPE', or confirmed via research to be a distinct registered political committee. Do NOT use this code for a union, trade association, corporation, or other organization just because it is politically active, lobbies, or has a separately-registered affiliated PAC -- classify the parent organization by its own actual industry instead (e.g. a union is '77', not '88'). Unitemized dues or intermediary contributions passed through a PAC should be classified by the underlying organization's actual industry when it can be determined (e.g. a union's PAC dues -> '77'), not as '88'."
76,"Business, professional and trade associations Use this code even if the association has an affiliated PAC or engages in political or lobbying activity -- the association itself is '76', not '88'; only a separately-registered PAC entity gets '88'."
77,Unions
92a,"Native American tribes Includes tribal casinos and other tribal gaming operations -- classify by tribal ownership ('92a'), not as gambling/entertainment ('70')."
100,"Retired/Homemaker/Student/Unemployed Family trusts -> '100' ONLY when the contributor is literally the trust itself (name reads as a trust, e.g. 'The Smith Family Trust,' 'Jane Doe 1992 Revocable Trust') -- narrow; do not extend to LLCs/holding companies merely owned by or affiliated with a trust."
20,"Utilities, infrastructure, telecommunications, renewable energy, transportation and warehousing, including: Electric Power Generation, Transmission and Distribution; Natural Gas Distribution; Water, Sewage and Other Systems; Scheduled Air Transportation; Nonscheduled Air Transportation; Rail Transportation; Deep Sea, Coastal, and Great Lakes Water Transportation; Inland Water Transportation; General Freight Trucking; Specialized Freight Trucking; Urban Transit Systems; Interurban and Rural Bus Transportation; Taxi and Limousine Service; School and Employee Bus Transportation; Charter Bus Industry; Other Transit and Ground Passenger Transportation; Pipeline Transportation of Crude Oil; Pipeline Transportation of Natural Gas; Other Pipeline Transportation; Scenic and Sightseeing Transportation, Land; Scenic and Sightseeing Transportation, Water; Scenic and Sightseeing Transportation, Other; Support Activities for Air Transportation; Support Activities for Rail Transportation; Support Activities for Water Transportation; Support Activities for Road Transportation; Freight Transportation Arrangement; Other Support Activities for Transportation; Postal Service; Couriers and Express Delivery Services; Local Messengers and Local Delivery; Warehousing and Storage; Wired and Wireless Telecommunications (except Satellite); Satellite Telecommunications; All Other Telecommunications; Waste Collection; Waste Treatment and Disposal; Remediation and Other Waste Management Services"
40,"Construction/Real Estate, including: Residential Building Construction; Nonresidential Building Construction; Utility System Construction; Land Subdivision; Highway, Street, and Bridge Construction; Other Heavy and Civil Engineering Construction; Foundation, Structure, and Building Exterior Contractors; Building Equipment Contractors; Building Finishing Contractors; Other Specialty Trade Contractors; Lessors of Real Estate; Offices of Real Estate Agents and Brokers; Activities Related to Real Estate; Automotive Equipment Rental and Leasing; Consumer Goods Rental; General Rental Centers; Commercial and Industrial Machinery and Equipment Rental and Leasing; Lessors of Nonfinancial Intangible Assets (except Copyrighted Works)"
50,"Professional/Legal, including: Legal Services; Accounting, Tax Preparation, Bookkeeping, and Payroll Services; Architectural, Engineering, and Related Services; Specialized Design Services; Computer Systems Design and Related Services; Management, Scientific, and Technical Consulting Services; Scientific Research and Development Services; Advertising, Public Relations, and Related Services; Other Professional, Scientific, and Technical Services; Management of Companies and Enterprises; Management and Holding Companies; Office Administrative Services; Employment Services; Facilities Support Services; Business Support Services; Travel Arrangement and Reservation Services; Investigation and Security Services; Services to Buildings and Dwellings"
60,"Healthcare/Education, including: Elementary and Secondary Schools; Junior Colleges; Colleges, Universities, and Professional Schools; Business Schools and Computer and Management Training; Technical and Trade Schools; Other Schools and Instruction; Educational Support Services; Offices of Physicians; Offices of Dentists; Offices of Other Health Practitioners; Outpatient Care Centers; Medical and Diagnostic Laboratories; Home Health Care Services; Other Ambulatory Health Care Services; General Medical and Surgical Hospitals; Psychiatric and Substance Abuse Hospitals; Specialty (except Psychiatric and Substance Abuse) Hospitals; Nursing Care Facilities (Skilled Nursing Facilities); Residential Intellectual and Developmental Disability, Mental Health, and Substance Abuse Facilities; Continuing Care Retirement Communities and Assisted Living Facilities for the Elderly; Other Residential Care Facilities; Individual and Family Services; Community Food and Housing, and Emergency and Other Relief Services; Vocational Rehabilitation Services; Child Care Services; Libraries and archives"
70,"Entertainment, Media and Gambling, including: Performing Arts Companies; Spectator Sports; Promoters of Performing Arts, Sports, and Similar Events; Agents and Managers for Artists, Athletes, Entertainers, and Other Public Figures; Independent Artists, Writers, and Performers; Museums, Historical Sites, and Similar Institutions; Amusement Parks and Arcades; Gambling Industries; Other Amusement and Recreation Industries; Motion Picture and Video Industries; Sound Recording Industries; Newspaper, Periodical, Book, and Directory Publishers; Radio and Television Broadcasting Stations"
79,"Technology, software and AI companies, including: AI services; Software Publishers; Media Streaming Distribution Services, Social Networks, and Other Media Networks and Content Providers; Computing Infrastructure Providers, Data Processing, Web Hosting, and Related Services Use this code regardless of which industry vertical the technology serves -- e.g. health-tech, fintech, and ad-tech companies are '79', not the industry they serve."
80,"Other Industries, including: Motor Vehicle and Motor Vehicle Parts and Supplies Merchant Wholesalers; Furniture and Home Furnishing Merchant Wholesalers; Lumber and Other Construction Materials Merchant Wholesalers; Professional and Commercial Equipment and Supplies Merchant Wholesalers; Metal and Mineral (except Petroleum) Merchant Wholesalers; Household Appliances and Electrical and Electronic Goods Merchant Wholesalers; Hardware, and Plumbing and Heating Equipment and Supplies Merchant Wholesalers; Machinery, Equipment, and Supplies Merchant Wholesalers; Miscellaneous Durable Goods Merchant Wholesalers; Paper and Paper Product Merchant Wholesalers; Drugs and Druggists' Sundries Merchant Wholesalers; Apparel, Piece Goods, and Notions Merchant Wholesalers; Grocery and Related Product Merchant Wholesalers; Farm Product Raw Material Merchant Wholesalers; Chemical and Allied Products Merchant Wholesalers; Petroleum and Petroleum Products Merchant Wholesalers; Beer, Wine, and Distilled Alcoholic Beverage Merchant Wholesalers; Miscellaneous Nondurable Goods Merchant Wholesalers; Wholesale Trade Agents and Brokers; Automobile Dealers; Other Motor Vehicle Dealers; Automotive Parts, Accessories, and Tire Retailers; Building Material and Supplies Dealers; Lawn and Garden Equipment and Supplies Retailers; Grocery and Convenience Retailers; Specialty Food Retailers; Beer, Wine, and Liquor Retailers; Furniture and Home Furnishings Retailers; Electronics and Appliance Retailers; Department Stores; Warehouse Clubs, Supercenters, and Other General Merchandise Retailers; Health and Personal Care Retailers; Gasoline Stations; Fuel Dealers; Clothing and Clothing Accessories Retailers; Shoe Retailers; Jewelry, Luggage, and Leather Goods Retailers; Sporting Goods, Hobby, and Musical Instrument Retailers; Book Retailers and News Dealers; Florists; Office Supplies, Stationery, and Gift Retailers; Used Merchandise Retailers; Other Miscellaneous Retailers; Traveler Accommodation; RV (Recreational Vehicle) Parks and Recreational Camps; Rooming and Boarding Houses, Dormitories, and Workers' Camps; Special Food Services; Drinking Places (Alcoholic Beverages); Restaurants and Other Eating Places; Automotive Repair and Maintenance; Electronic and Precision Equipment Repair and Maintenance; Commercial and Industrial Machinery and Equipment (except Automotive and Electronic) Repair and Maintenance; Personal and Household Goods Repair and Maintenance; Personal Care Services; Death Care Services; Drycleaning and Laundry Services; Other Personal Services; Religious Organizations; Grandmaking and Giving Services; Social Advocacy Organizations; Civic and Social Organizations"
